92 82 40 19 39 37 23 36 
49 40 17 
78 21 42 28 24 
40 12 11 17 16 59 
48 13 31 79 86 
23 14 13 11 27 25 41 
16 96 91 71 33 66 55 51 
51 39 10 15 19 27 
47 41 17 22 
64 55 23 22 18 14 
90 44 24 15 34 33 31 
30 15 12 14 51 49 86 
56 53 31 12 28 23 
93 27 44 41 64 
18 34 27 49 
45 28 38 35 83 70 68 
22 88 27 26 46 36 37 60 
89 34 11 35 55 84 
20 10 12 18 38 31 29 
17 13 44 40 
60 46 45 13 27 25 
80 64 37 28 27 24 20 13 
90 89 77 67 32 40 33 
82 73 64 13 11 15 
16 15 10 32 17 52 40 36 
55 38 47 
83 66 16 12 20 54 44 
83 12 30 26 15 20 23 
12 64 31 28 26 21 19 39 
31 23 12 81 
92 69 51 13 10 17 36 19 
96 88 55 10 49 35 14 
90 45 14 30 27 41 40 34 
50 48 52 51 74 88 
40 32 17 83 70 
97 34 12 25 24 20 37 53 
98 30 15 65 
66 54 53 20 16 17 26 
78 36 22 10 13 11 
83 37 13 19 30 
16 90 83 75 24 22 
39 15 13 20 61 81 
84 18 10 13 44 43 
74 62 22 32 
23 14 90 87 77 
27 58 45 37 68 67 
92 38 47 89 57 
54 40 28 22 21 27 
26 15 13 27 28 45 
80 65 41 
99 58 47 36 34 78 
67 51 44 39 14 29 37 30 32 
83 18 13 11 27 28 31 58 65 
53 27 15 17 33 68 
17 12 25 
93 46 28 20 27 54 58 65 
46 37 12 
66 19 25 20 46 
55 15 51 39 62 
55 31 29 30 38 
51 41 36 
74 12 14 63 18 28 27 19 
63 42 21 52 45 
67 14 46 28 21 27 
13 95 73 67 40 16 
46 43 30 29 27 19 20 
71 17 49 34 
90 33 59 45 
71 13 62 40 84 
96 73 61 37 51 
63 55 35 13 14 
62 35 15 20 29 31 
24 23 20 40 76 73 
31 24 27 28 76 79 
16 13 23 19 52 58 
47 37 19 77 
31 20 33 32 51 57 56 
22 10 19 18 25 49 77 66 
27 26 22 20 36 41 56 
89 29 14 16 
18 31 30 25 29 51 49 
74 67 17 12 22 19 65 
87 52 18 11 12 41 
60 42 35 10 77 
18 52 26 50 
22 13 10 48 74 
24 10 21 20 18 30 45 60 
90 38 52 50 63 
24 15 11 66 36 41 
25 11 26 33 
17 14 12 60 53 43 35 32 21 
15 14 43 38 17 
19 35 22 82 58 
22 10 14 48 27 33 
81 29 52 57 
56 26 29 31 30 51 34 
23 20 16 34 38 55 
96 57 53 44 42 
62 45 21 89 74 71 
24 15 10 12 27 30 36 43 
